1665924444355754375
1665924444375754356
1665924444395754337
1665924444415754318
1665924444435754299
1665924444455754280
1665924444475754261
1665924444495754242
1665924444515754223
1665924444535754204
1665924444555754185
1665924444575754166
1665924444595754147
1665924444615754366
1665924444635754347
1665924444655754328
1665924444675754309
1665924444695754290
1665924444715754271
1665924444735754251
1665924444755754232
1665924444775754213
1665924444795754194
1665924444815754175
1665924444835754156
1665924444855754375
1665924444875754356
1665924444895754337
1665924444915754318
1665924444935754299
1665924444955754280
1665924444975754261
1665924444995754242
1665924445015754223
1665924445035754204
1665924445055754185
1665924445075754166
1665924445095754147
1665924445115754366
1665924445135754347
1665924445155754328
1665924445175754309
1665924445195754290
1665924445215754271
1665924445235754251
1665924445255754232
1665924445275754213
1665924445295754194
1665924445315754175
1665924445335754156
1665924445355754375
1665924445375754356
1665924445395754337
1665924445415754318
1665924445435754299
1665924445455754280
1665924445475754261
1665924445495754242
1665924445515754223
1665924445535754204
1665924445555754185
1665924445575754166
1665924445595754147
1665924445615754366
1665924445635754347
1665924445655754328
1665924445675754309
1665924445695754290
1665924445715754271
1665924445735754251
1665924445755754232
1665924445775754213
1665924445795754194
1665924445815754175
1665924445835754156
1665924445855754375
1665924445875754356
1665924445895754337
1665924445915754318
1665924445935754299
1665924445955754280
1665924445975754261
1665924445995754242
1665924446015754223
1665924446035754204
1665924446055754185
1665924446075754166
1665924446095754147
1665924446115754366
1665924446135754347
1665924446155754328
1665924446175754309
1665924446195754290
1665924446215754271
1665924446235754251
1665924446255754232
1665924446275754213
1665924446295754194
1665924446315754175
1665924446335754156
1665924446355754375
1665924446375754356
1665924446395754337
1665924446415754318
1665924446435754299
1665924446455754280
1665924446475754261
1665924446495754242
1665924446515754223
1665924446535754204
1665924446555754185
1665924446575754166
1665924446595754147
1665924446615754366
1665924446635754347
1665924446655754328
1665924446675754309
1665924446695754290
1665924446715754271
1665924446735754251
1665924446755754232
1665924446775754213
1665924446795754194
1665924446815754175
1665924446835754156
1665924446855754375
1665924446875754356
1665924446895754337
1665924446915754318
1665924446935754299
1665924446955754280
1665924446975754261
1665924446995754242
1665924447015754223
1665924447035754204
1665924447055754185
1665924447075754166
1665924447095754147
1665924447115754366
1665924447135754347
1665924447155754328
1665924447175754309
1665924447195754290
1665924447215754271
1665924447235754251
1665924447255754232
1665924447275754213
1665924447295754194
1665924447315754175
1665924447335754156
1665924447355754375
1665924447375754356
1665924447395754337
1665924447415754318
1665924447435754299
1665924447455754280
1665924447475754261
1665924447495754242
1665924447515754223
1665924447535754204
1665924447555754185
1665924447575754166
1665924447595754147
1665924447615754366
1665924447635754347
1665924447655754328
1665924447675754309
1665924447695754290
1665924447715754271
1665924447735754251
1665924447755754232
1665924447775754213
1665924447795754194
1665924447815754175
1665924447835754156
1665924447855754375
1665924447875754356
1665924447895754337
1665924447915754318
1665924447935754299
1665924447955754280
1665924447975754261
1665924447995754242
1665924448015754223
1665924448035754204
1665924448055754185
1665924448075754166
1665924448095754147
1665924448115754366
1665924448135754347
1665924448155754328
1665924448175754309
1665924448195754290
1665924448215754271
1665924448235754251
1665924448255754232
1665924448275754213
1665924448295754194
1665924448315754175
1665924448335754156
1665924448355754375
1665924448375754356
1665924448395754337
1665924448415754318
1665924448435754299
1665924448455754280
1665924448475754261
1665924448495754242
1665924448515754223
1665924448535754204
1665924448555754185
1665924448575754166
1665924448595754147
1665924448615754366
1665924448635754347
1665924448655754328
1665924448675754309
1665924448695754290
1665924448715754271
1665924448735754251
1665924448755754232
1665924448775754213
1665924448795754194
1665924448815754175
1665924448835754156
1665924448855754375
1665924448875754356
1665924448895754337
1665924448915754318
1665924448935754299
1665924448955754280
1665924448975754261
1665924448995754242
1665924449015754223
1665924449035754204
1665924449055754185
1665924449075754166
1665924449095754147
1665924449115754366
1665924449135754347
1665924449155754328
1665924449175754309
1665924449195754290
1665924449215754271
1665924449235754251
1665924449255754232
1665924449275754213
1665924449295754194
1665924449315754175
1665924449335754156
1665924449355754375
1665924449375754356
1665924449395754337
1665924449415754318
1665924449435754299
1665924449455754280
1665924449475754261
1665924449495754242
1665924449515754223
1665924449535754204
1665924449555754185
1665924449575754166
1665924449595754147
1665924449615754366
1665924449635754347
1665924449655754328
1665924449675754309
1665924449695754290
1665924449715754271
1665924449735754251
1665924449755754232
1665924449775754213
1665924449795754194
1665924449815754175
1665924449835754156
1665924449855754375
1665924449875754356
1665924449895754337
1665924449915754318
1665924449935754299
1665924449955754280
1665924449975754261
1665924449995754242
1665924450015754223
1665924450035754204
1665924450055754185
1665924450075754166
1665924450095754147
1665924450115754366
1665924450135754347
1665924450155754328
1665924450175754309
1665924450195754290
1665924450215754271
1665924450235754251
1665924450255754232
1665924450275754213
1665924450295754194
1665924450315754175
1665924450335754156
1665924450355754375
1665924450375754356
1665924450395754337
1665924450415754318
1665924450435754299
1665924450455754280
1665924450475754261
1665924450495754242
1665924450515754223
1665924450535754204
1665924450555754185
1665924450575754166
1665924450595754147
1665924450615754366
1665924450635754347
1665924450655754328
1665924450675754309
1665924450695754290
1665924450715754271
1665924450735754251
1665924450755754232
1665924450775754213
1665924450795754194
1665924450815754175
1665924450835754156
1665924450855754375
1665924450875754356
1665924450895754337
1665924450915754318
1665924450935754299
1665924450955754280
1665924450975754261
1665924450995754242
1665924451015754223
1665924451035754204
1665924451055754185
1665924451075754166
1665924451095754147
1665924451115754366
1665924451135754347
1665924451155754328
1665924451175754309
1665924451195754290
1665924451215754271
1665924451235754251
1665924451255754232
1665924451275754213
1665924451295754194
1665924451315754175
1665924451335754156
1665924451355754375
1665924451375754356
1665924451395754337
1665924451415754318
1665924451435754299
1665924451455754280
1665924451475754261
1665924451495754242
1665924451515754223
1665924451535754204
1665924451555754185
1665924451575754166
1665924451595754147
1665924451615754366
1665924451635754347
1665924451655754328
1665924451675754309
1665924451695754290
1665924451715754271
1665924451735754251
1665924451755754232
1665924451775754213
1665924451795754194
1665924451815754175
1665924451835754156
1665924451855754375
1665924451875754356
1665924451895754337
1665924451915754318
1665924451935754299
1665924451955754280
1665924451975754261
1665924451995754242
1665924452015754223
1665924452035754204
1665924452055754185
1665924452075754166
1665924452095754147
1665924452115754366
1665924452135754347
1665924452155754328
1665924452175754309
1665924452195754290
1665924452215754271
1665924452235754251
1665924452255754232
1665924452275754213
1665924452295754194
1665924452315754175
1665924452335754156
1665924452355754375
1665924452375754356
1665924452395754337
1665924452415754318
1665924452435754299
1665924452455754280
1665924452475754261
1665924452495754242
1665924452515754223
1665924452535754204
1665924452555754185
1665924452575754166
1665924452595754147
1665924452615754366
1665924452635754347
1665924452655754328
1665924452675754309
1665924452695754290
1665924452715754271
1665924452735754251
1665924452755754232
1665924452775754213
1665924452795754194
1665924452815754175
1665924452835754156
1665924452855754375
1665924452875754356
1665924452895754337
1665924452915754318
1665924452935754299
1665924452955754280
1665924452975754261
1665924452995754242
1665924453015754223
1665924453035754204
1665924453055754185
1665924453075754166
1665924453095754147
1665924453115754366
1665924453135754347
1665924453155754328
1665924453175754309
1665924453195754290
1665924453215754271
1665924453235754251
1665924453255754232
1665924453275754213
1665924453295754194
1665924453315754175
1665924453335754156
1665924453355754375
1665924453375754356
1665924453395754337
1665924453415754318
1665924453435754299
1665924453455754280
1665924453475754261
1665924453495754242
1665924453515754223
1665924453535754204
1665924453555754185
1665924453575754166
1665924453595754147
1665924453615754366
1665924453635754347
1665924453655754328
1665924453675754309
1665924453695754290
1665924453715754271
1665924453735754251
1665924453755754232
1665924453775754213
1665924453795754194
1665924453815754175
1665924453835754156
1665924453855754375
1665924453875754356
1665924453895754337
1665924453915754318
1665924453935754299
1665924453955754280
1665924453975754261
1665924453995754242
1665924454015754223
1665924454035754204
1665924454055754185
1665924454075754166
1665924454095754147
1665924454115754366
1665924454135754347
1665924454155754328
1665924454175754309
1665924454195754290
1665924454215754271
1665924454235754251
1665924454255754232
1665924454275754213
1665924454295754194
1665924454315754175
1665924454335754156
1665924454355754375
1665924454375754356
1665924454395754337
1665924454415754318
1665924454435754299
1665924454455754280
1665924454475754261
1665924454495754242
1665924454515754223
1665924454535754204
1665924454555754185
1665924454575754166
1665924454595754147
1665924454615754366
1665924454635754347
1665924454655754328
1665924454675754309
1665924454695754290
1665924454715754271
1665924454735754251
1665924454755754232
1665924454775754213
1665924454795754194
1665924454815754175
1665924454835754156
1665924454855754375
1665924454875754356
1665924454895754337
1665924454915754318
1665924454935754299
1665924454955754280
1665924454975754261
1665924454995754242
1665924455015754223
1665924455035754204
1665924455055754185
1665924455075754166
1665924455095754147
1665924455115754366
1665924455135754347
1665924455155754328
1665924455175754309
1665924455195754290
1665924455215754271
1665924455235754251
1665924455255754232
1665924455275754213
1665924455295754194
1665924455315754175
1665924455335754156
1665924455355754375
1665924455375754356
1665924455395754337
1665924455415754318
1665924455435754299
1665924455455754280
1665924455475754261
1665924455495754242
1665924455515754223
1665924455535754204
1665924455555754185
1665924455575754166
1665924455595754147
1665924455615754366
1665924455635754347
1665924455655754328
1665924455675754309
1665924455695754290
1665924455715754271
1665924455735754251
1665924455755754232
1665924455775754213
1665924455795754194
1665924455815754175
1665924455835754156
1665924455855754375
1665924455875754356
1665924455895754337
1665924455915754318
1665924455935754299
1665924455955754280
1665924455975754261
1665924455995754242
1665924456015754223
1665924456035754204
1665924456055754185
1665924456075754166
1665924456095754147
1665924456115754366
1665924456135754347
1665924456155754328
1665924456175754309
1665924456195754290
1665924456215754271
1665924456235754251
1665924456255754232
1665924456275754213
1665924456295754194
1665924456315754175
1665924456335754156
1665924456355754375
1665924456375754356
1665924456395754337
1665924456415754318
1665924456435754299
1665924456455754280
1665924456475754261
1665924456495754242
1665924456515754223
1665924456535754204
1665924456555754185
1665924456575754166
1665924456595754147
1665924456615754366
1665924456635754347
1665924456655754328
1665924456675754309
1665924456695754290
1665924456715754271
1665924456735754251
1665924456755754232
1665924456775754213
1665924456795754194
1665924456815754175
1665924456835754156
1665924456855754375
1665924456875754356
1665924456895754337
1665924456915754318
1665924456935754299
1665924456955754280
1665924456975754261
1665924456995754242
1665924457015754223
1665924457035754204
1665924457055754185
1665924457075754166
1665924457095754147
1665924457115754366
1665924457135754347
1665924457155754328
1665924457175754309
1665924457195754290
1665924457215754271
1665924457235754251
1665924457255754232
1665924457275754213
1665924457295754194
1665924457315754175
1665924457335754156
1665924457355754375
1665924457375754356
1665924457395754337
1665924457415754318
1665924457435754299
1665924457455754280
1665924457475754261
1665924457495754242
1665924457515754223
1665924457535754204
1665924457555754185
1665924457575754166
1665924457595754147
1665924457615754366
1665924457635754347
1665924457655754328
1665924457675754309
1665924457695754290
1665924457715754271
1665924457735754251
1665924457755754232
1665924457775754213
1665924457795754194
1665924457815754175
1665924457835754156
1665924457855754375
1665924457875754356
1665924457895754337
1665924457915754318
1665924457935754299
1665924457955754280
1665924457975754261
1665924457995754242
1665924458015754223
1665924458035754204
1665924458055754185
1665924458075754166
1665924458095754147
1665924458115754366
1665924458135754347
1665924458155754328
1665924458175754309
1665924458195754290
1665924458215754271
1665924458235754251
1665924458255754232
1665924458275754213
1665924458295754194
1665924458315754175
1665924458335754156
1665924458355754375
1665924458375754356
1665924458395754337
1665924458415754318
1665924458435754299
1665924458455754280
1665924458475754261
1665924458495754242
1665924458515754223
1665924458535754204
1665924458555754185
1665924458575754166
1665924458595754147
1665924458615754366
1665924458635754347
1665924458655754328
1665924458675754309
1665924458695754290
1665924458715754271
1665924458735754251
1665924458755754232
1665924458775754213
1665924458795754194
1665924458815754175
1665924458835754156
1665924458855754375
1665924458875754356
1665924458895754337
1665924458915754318
1665924458935754299
1665924458955754280
1665924458975754261
1665924458995754242
1665924459015754223
1665924459035754204
1665924459055754185
1665924459075754166
1665924459095754147
1665924459115754366
1665924459135754347
1665924459155754328
1665924459175754309
1665924459195754290
1665924459215754271
1665924459235754251
1665924459255754232
1665924459275754213
1665924459295754194
1665924459315754175
1665924459335754156
1665924459355754375
1665924459375754356
1665924459395754337
1665924459415754318
1665924459435754299
1665924459455754280
1665924459475754261
1665924459495754242
1665924459515754223
1665924459535754204
1665924459555754185
1665924459575754166
1665924459595754147
1665924459615754366
1665924459635754347
1665924459655754328
1665924459675754309
1665924459695754290
1665924459715754271
1665924459735754251
1665924459755754232
1665924459775754213
1665924459795754194
1665924459815754175
1665924459835754156
1665924459855754375
1665924459875754356
1665924459895754337
1665924459915754318
1665924459935754299
1665924459955754280
1665924459975754261
1665924459995754242
1665924460015754223
1665924460035754204
1665924460055754185
1665924460075754166
1665924460095754147
1665924460115754366
1665924460135754347
1665924460155754328
1665924460175754309
1665924460195754290
1665924460215754271
1665924460235754251
1665924460255754232
1665924460275754213
1665924460295754194
1665924460315754175
1665924460335754156
1665924460355754375
1665924460375754356
1665924460395754337
1665924460415754318
1665924460435754299
1665924460455754280
1665924460475754261
1665924460495754242
1665924460515754223
1665924460535754204
1665924460555754185
1665924460575754166
1665924460595754147
1665924460615754366
1665924460635754347
1665924460655754328
1665924460675754309
1665924460695754290
1665924460715754271
1665924460735754251
1665924460755754232
1665924460775754213
1665924460795754194
1665924460815754175
1665924460835754156
1665924460855754375
1665924460875754356
1665924460895754337
1665924460915754318
1665924460935754299
1665924460955754280
1665924460975754261
1665924460995754242
1665924461015754223
1665924461035754204
1665924461055754185
1665924461075754166
1665924461095754147
1665924461115754366
1665924461135754347
1665924461155754328
1665924461175754309
1665924461195754290
1665924461215754271
1665924461235754251
1665924461255754232
1665924461275754213
1665924461295754194
1665924461315754175
1665924461335754156
1665924461355754375
1665924461375754356
1665924461395754337
1665924461415754318
1665924461435754299
1665924461455754280
1665924461475754261
1665924461495754242
1665924461515754223
1665924461535754204
1665924461555754185
1665924461575754166
1665924461595754147
1665924461615754366
1665924461635754347
1665924461655754328
1665924461675754309
1665924461695754290
1665924461715754271
1665924461735754251
1665924461755754232
1665924461775754213
1665924461795754194
1665924461815754175
1665924461835754156
1665924461855754375
1665924461875754356
1665924461895754337
1665924461915754318
1665924461935754299
1665924461955754280
1665924461975754261
1665924461995754242
1665924462015754223
1665924462035754204
1665924462055754185
1665924462075754166
1665924462095754147
1665924462115754366
1665924462135754347
1665924462155754328
1665924462175754309
1665924462195754290
1665924462215754271
1665924462235754251
1665924462255754232
1665924462275754213
1665924462295754194
1665924462315754175
1665924462335754156
1665924462355754375
1665924462375754356
1665924462395754337
1665924462415754318
1665924462435754299
1665924462455754280
1665924462475754261
1665924462495754242
1665924462515754223
1665924462535754204
1665924462555754185
1665924462575754166
1665924462595754147
1665924462615754366
1665924462635754347
1665924462655754328
1665924462675754309
1665924462695754290
1665924462715754271
1665924462735754251
1665924462755754232
1665924462775754213
1665924462795754194
1665924462815754175
1665924462835754156
1665924462855754375
1665924462875754356
1665924462895754337
1665924462915754318
1665924462935754299
1665924462955754280
1665924462975754261
1665924462995754242
1665924463015754223
1665924463035754204
1665924463055754185
1665924463075754166
1665924463095754147
1665924463115754366
1665924463135754347
1665924463155754328
1665924463175754309
1665924463195754290
1665924463215754271
1665924463235754251
1665924463255754232
1665924463275754213
1665924463295754194
1665924463315754175
1665924463335754156
1665924463355754375
1665924463375754356
1665924463395754337
1665924463415754318
1665924463435754299
1665924463455754280
1665924463475754261
1665924463495754242
1665924463515754223
1665924463535754204
1665924463555754185
1665924463575754166
1665924463595754147
1665924463615754366
1665924463635754347
1665924463655754328
1665924463675754309
1665924463695754290
1665924463715754271
1665924463735754251
1665924463755754232
1665924463775754213
1665924463795754194
1665924463815754175
1665924463835754156
1665924463855754375
1665924463875754356
1665924463895754337
1665924463915754318
1665924463935754299
1665924463955754280
1665924463975754261
1665924463995754242
1665924464015754223
1665924464035754204
1665924464055754185
1665924464075754166
1665924464095754147
1665924464115754366
1665924464135754347
1665924464155754328
1665924464175754309
1665924464195754290
1665924464215754271
1665924464235754251
1665924464255754232
1665924464275754213
1665924464295754194
1665924464315754175
1665924464335754156
1665924464355754375
1665924464375754356
1665924464395754337
1665924464415754318
1665924464435754299
1665924464455754280
1665924464475754261
1665924464495754242
1665924464515754223
1665924464535754204
1665924464555754185
1665924464575754166
1665924464595754147
1665924464615754366
1665924464635754347
1665924464655754328
1665924464675754309
1665924464695754290
1665924464715754271
1665924464735754251
1665924464755754232
1665924464775754213
1665924464795754194
1665924464815754175
1665924464835754156
1665924464855754375
1665924464875754356
1665924464895754337
1665924464915754318
1665924464935754299
1665924464955754280
1665924464975754261
1665924464995754242
1665924465015754223
1665924465035754204
1665924465055754185
1665924465075754166
1665924465095754147
1665924465115754366
1665924465135754347
1665924465155754328
1665924465175754309
1665924465195754290
1665924465215754271
1665924465235754251
1665924465255754232
1665924465275754213
1665924465295754194
1665924465315754175
1665924465335754156
1665924465355754375
1665924465375754356
1665924465395754337
1665924465415754318
1665924465435754299
1665924465455754280
1665924465475754261
1665924465495754242
1665924465515754223
1665924465535754204
1665924465555754185
1665924465575754166
1665924465595754147
1665924465615754366
1665924465635754347
1665924465655754328
1665924465675754309
1665924465695754290
1665924465715754271
1665924465735754251
1665924465755754232
1665924465775754213
1665924465795754194
1665924465815754175
1665924465835754156
1665924465855754375
1665924465875754356
1665924465895754337
1665924465915754318
1665924465935754299
1665924465955754280
1665924465975754261
1665924465995754242
1665924466015754223
1665924466035754204
1665924466055754185
1665924466075754166
1665924466095754147
1665924466115754366
1665924466135754347
1665924466155754328
1665924466175754309
1665924466195754290
1665924466215754271
1665924466235754251
1665924466255754232
1665924466275754213
1665924466295754194
1665924466315754175
1665924466335754156
1665924466355754375
1665924466375754356
1665924466395754337
1665924466415754318
1665924466435754299
1665924466455754280
1665924466475754261
1665924466495754242
1665924466515754223
1665924466535754204
1665924466555754185
1665924466575754166
1665924466595754147
1665924466615754366
1665924466635754347
1665924466655754328
1665924466675754309
1665924466695754290
1665924466715754271
1665924466735754251
1665924466755754232
1665924466775754213
1665924466795754194
1665924466815754175
1665924466835754156
1665924466855754375
1665924466875754356
1665924466895754337
1665924466915754318
1665924466935754299
1665924466955754280
1665924466975754261
1665924466995754242
1665924467015754223
1665924467035754204
1665924467055754185
1665924467075754166
1665924467095754147
1665924467115754366
1665924467135754347
1665924467155754328
1665924467175754309
1665924467195754290
1665924467215754271
1665924467235754251
1665924467255754232
1665924467275754213
1665924467295754194
1665924467315754175
1665924467335754156
1665924467355754375
1665924467375754356
1665924467395754337
1665924467415754318
1665924467435754299
1665924467455754280
1665924467475754261
1665924467495754242
1665924467515754223
1665924467535754204
1665924467555754185
1665924467575754166
1665924467595754147
1665924467615754366
1665924467635754347
1665924467655754328
1665924467675754309
1665924467695754290
1665924467715754271
1665924467735754251
1665924467755754232
1665924467775754213
1665924467795754194
1665924467815754175
1665924467835754156
1665924467855754375
1665924467875754356
1665924467895754337
1665924467915754318
1665924467935754299
1665924467955754280
1665924467975754261
1665924467995754242
1665924468015754223
1665924468035754204
1665924468055754185
1665924468075754166
1665924468095754147
1665924468115754366
1665924468135754347
1665924468155754328
1665924468175754309
1665924468195754290
1665924468215754271
1665924468235754251
1665924468255754232
1665924468275754213
1665924468295754194
1665924468315754175
1665924468335754156
1665924468355754375
1665924468375754356
1665924468395754337
1665924468415754318
1665924468435754299
1665924468455754280
1665924468475754261
1665924468495754242
1665924468515754223
1665924468535754204
1665924468555754185
1665924468575754166
1665924468595754147
1665924468615754366
1665924468635754347
1665924468655754328
1665924468675754309
1665924468695754290
1665924468715754271
1665924468735754251
1665924468755754232
1665924468775754213
1665924468795754194
1665924468815754175
1665924468835754156
1665924468855754375
1665924468875754356
1665924468895754337
1665924468915754318
1665924468935754299
1665924468955754280
1665924468975754261
1665924468995754242
1665924469015754223
1665924469035754204
1665924469055754185
1665924469075754166
1665924469095754147
1665924469115754366
1665924469135754347
1665924469155754328
1665924469175754309
1665924469195754290
1665924469215754271
1665924469235754251
1665924469255754232
1665924469275754213
1665924469295754194
1665924469315754175
1665924469335754156
1665924469355754375
1665924469375754356
1665924469395754337
1665924469415754318
1665924469435754299
1665924469455754280
1665924469475754261
1665924469495754242
1665924469515754223
1665924469535754204
1665924469555754185
1665924469575754166
1665924469595754147
1665924469615754366
1665924469635754347
1665924469655754328
1665924469675754309
1665924469695754290
1665924469715754271
1665924469735754251
1665924469755754232
1665924469775754213
1665924469795754194
1665924469815754175
1665924469835754156
1665924469855754375
1665924469875754356
1665924469895754337
1665924469915754318
1665924469935754299
1665924469955754280
1665924469975754261
1665924469995754242
1665924470015754223
1665924470035754204
1665924470055754185
1665924470075754166
1665924470095754147
1665924470115754366
1665924470135754347
1665924470155754328
1665924470175754309
1665924470195754290
1665924470215754271
1665924470235754251
1665924470255754232
1665924470275754213
1665924470295754194
1665924470315754175
1665924470335754156
1665924470355754375
1665924470375754356
1665924470395754337
1665924470415754318
1665924470435754299
1665924470455754280
1665924470475754261
1665924470495754242
1665924470515754223
1665924470535754204
1665924470555754185
1665924470575754166
1665924470595754147
1665924470615754366
1665924470635754347
1665924470655754328
1665924470675754309
1665924470695754290
1665924470715754271
1665924470735754251
1665924470755754232
1665924470775754213
1665924470795754194
1665924470815754175
1665924470835754156
1665924470855754375
1665924470875754356
1665924470895754337
1665924470915754318
1665924470935754299
1665924470955754280
1665924470975754261
1665924470995754242
1665924471015754223
1665924471035754204
1665924471055754185
1665924471075754166
1665924471095754147
1665924471115754366
1665924471135754347
1665924471155754328
1665924471175754309
1665924471195754290
1665924471215754271
1665924471235754251
1665924471255754232
1665924471275754213
1665924471295754194
1665924471315754175
1665924471335754156
1665924471355754375
1665924471375754356
1665924471395754337
1665924471415754318
1665924471435754299
1665924471455754280
1665924471475754261
1665924471495754242
1665924471515754223
1665924471535754204
1665924471555754185
1665924471575754166
1665924471595754147
1665924471615754366
1665924471635754347
1665924471655754328
1665924471675754309
1665924471695754290
1665924471715754271
1665924471735754251
1665924471755754232
1665924471775754213
1665924471795754194
1665924471815754175
1665924471835754156
1665924471855754375
1665924471875754356
1665924471895754337
1665924471915754318
1665924471935754299
1665924471955754280
1665924471975754261
1665924471995754242
1665924472015754223
1665924472035754204
1665924472055754185
1665924472075754166
1665924472095754147
1665924472115754366
1665924472135754347
1665924472155754328
1665924472175754309
1665924472195754290
1665924472215754271
1665924472235754251
1665924472255754232
1665924472275754213
1665924472295754194
1665924472315754175
1665924472335754156
1665924472355754375
1665924472375754356
1665924472395754337
1665924472415754318
1665924472435754299
1665924472455754280
1665924472475754261
1665924472495754242
1665924472515754223
1665924472535754204
1665924472555754185
1665924472575754166
1665924472595754147
1665924472615754366
1665924472635754347
1665924472655754328
1665924472675754309
1665924472695754290
1665924472715754271
1665924472735754251
1665924472755754232
1665924472775754213
1665924472795754194
1665924472815754175
1665924472835754156
1665924472855754375
1665924472875754356
1665924472895754337
1665924472915754318
1665924472935754299
1665924472955754280
1665924472975754261
1665924472995754242
1665924473015754223
1665924473035754204
1665924473055754185
1665924473075754166
1665924473095754147
1665924473115754366
1665924473135754347
1665924473155754328
1665924473175754309
1665924473195754290
1665924473215754271
1665924473235754251
1665924473255754232
1665924473275754213
1665924473295754194
1665924473315754175
1665924473335754156
1665924473355754375
1665924473375754356
1665924473395754337
1665924473415754318
1665924473435754299
1665924473455754280
1665924473475754261
1665924473495754242
1665924473515754223
1665924473535754204
1665924473555754185
1665924473575754166
1665924473595754147
1665924473615754366
1665924473635754347
1665924473655754328
1665924473675754309
1665924473695754290
1665924473715754271
1665924473735754251
1665924473755754232
1665924473775754213
1665924473795754194
1665924473815754175
1665924473835754156
1665924473855754375
1665924473875754356
1665924473895754337
1665924473915754318
1665924473935754299
1665924473955754280
1665924473975754261
1665924473995754242
1665924474015754223
1665924474035754204
1665924474055754185
1665924474075754166
1665924474095754147
1665924474115754366
1665924474135754347
1665924474155754328
1665924474175754309
1665924474195754290
1665924474215754271
1665924474235754251
1665924474255754232
1665924474275754213
1665924474295754194
1665924474315754175
1665924474335754156
1665924474355754375
1665924474375754356
1665924474395754337
1665924474415754318
1665924474435754299
1665924474455754280
1665924474475754261
1665924474495754242
1665924474515754223
1665924474535754204
1665924474555754185
1665924474575754166
1665924474595754147
1665924474615754366
1665924474635754347
1665924474655754328
1665924474675754309
1665924474695754290
1665924474715754271
1665924474735754251
1665924474755754232
1665924474775754213
1665924474795754194
1665924474815754175
1665924474835754156
1665924474855754375
1665924474875754356
1665924474895754337
1665924474915754318
1665924474935754299
1665924474955754280
1665924474975754261
1665924474995754242
1665924475015754223
1665924475035754204
1665924475055754185
1665924475075754166
1665924475095754147
1665924475115754366
1665924475135754347
1665924475155754328
1665924475175754309
1665924475195754290
1665924475215754271
1665924475235754251
1665924475255754232
1665924475275754213
1665924475295754194
1665924475315754175
1665924475335754156
1665924475355754375
1665924475375754356
1665924475395754337
1665924475415754318
1665924475435754299
1665924475455754280
1665924475475754261
1665924475495754242
1665924475515754223
1665924475535754204
1665924475555754185
1665924475575754166
1665924475595754147
1665924475615754366
1665924475635754347
1665924475655754328
1665924475675754309
1665924475695754290
1665924475715754271
1665924475735754251
1665924475755754232
1665924475775754213
1665924475795754194
1665924475815754175
1665924475835754156
1665924475855754375
1665924475875754356
1665924475895754337
1665924475915754318
1665924475935754299
1665924475955754280
1665924475975754261
1665924475995754242
1665924476015754223
1665924476035754204
1665924476055754185
1665924476075754166
1665924476095754147
1665924476115754366
1665924476135754347
1665924476155754328
1665924476175754309
1665924476195754290
1665924476215754271
1665924476235754251
1665924476255754232
1665924476275754213
1665924476295754194
1665924476315754175
1665924476335754156
1665924476355754375
1665924476375754356
1665924476395754337
1665924476415754318
1665924476435754299
1665924476455754280
1665924476475754261
1665924476495754242
1665924476515754223
1665924476535754204
1665924476555754185
1665924476575754166
1665924476595754147
1665924476615754366
1665924476635754347
1665924476655754328
1665924476675754309
1665924476695754290
1665924476715754271
1665924476735754251
1665924476755754232
1665924476775754213
1665924476795754194
1665924476815754175
1665924476835754156
1665924476855754375
1665924476875754356
1665924476895754337
1665924476915754318
1665924476935754299
1665924476955754280
1665924476975754261
1665924476995754242
1665924477015754223
1665924477035754204
1665924477055754185
1665924477075754166
1665924477095754147
1665924477115754366
1665924477135754347
1665924477155754328
1665924477175754309
1665924477195754290
1665924477215754271
1665924477235754251
1665924477255754232
1665924477275754213
1665924477295754194
1665924477315754175
1665924477335754156
1665924477355754375
1665924477375754356
1665924477395754337
1665924477415754318
1665924477435754299
1665924477455754280
1665924477475754261
1665924477495754242
1665924477515754223
1665924477535754204
1665924477555754185
1665924477575754166
1665924477595754147
1665924477615754366
1665924477635754347
1665924477655754328
1665924477675754309
1665924477695754290
1665924477715754271
1665924477735754251
1665924477755754232
1665924477775754213
1665924477795754194
1665924477815754175
1665924477835754156
1665924477855754375
1665924477875754356
1665924477895754337
1665924477915754318
1665924477935754299
1665924477955754280
1665924477975754261
1665924477995754242
1665924478015754223
1665924478035754204
1665924478055754185
1665924478075754166
1665924478095754147
1665924478115754366
1665924478135754347
1665924478155754328
1665924478175754309
1665924478195754290
1665924478215754271
1665924478235754251
1665924478255754232
1665924478275754213
1665924478295754194
1665924478315754175
1665924478335754156
1665924478355754375
1665924478375754356
1665924478395754337
1665924478415754318
1665924478435754299
1665924478455754280
1665924478475754261
1665924478495754242
1665924478515754223
1665924478535754204
1665924478555754185
1665924478575754166
1665924478595754147
1665924478615754366
1665924478635754347
1665924478655754328
1665924478675754309
1665924478695754290
1665924478715754271
1665924478735754251
1665924478755754232
1665924478775754213
1665924478795754194
1665924478815754175
1665924478835754156
1665924478855754375
1665924478875754356
1665924478895754337
1665924478915754318
1665924478935754299
1665924478955754280
1665924478975754261
1665924478995754242
1665924479015754223
1665924479035754204
1665924479055754185
1665924479075754166
1665924479095754147
1665924479115754366
1665924479135754347
1665924479155754328
1665924479175754309
1665924479195754290
1665924479215754271
1665924479235754251
1665924479255754232
1665924479275754213
1665924479295754194
1665924479315754175
1665924479335754156
1665924479355754375
1665924479375754356
1665924479395754337
1665924479415754318
1665924479435754299
1665924479455754280
1665924479475754261
1665924479495754242
1665924479515754223
1665924479535754204
1665924479555754185
1665924479575754166
1665924479595754147
1665924479615754366
1665924479635754347
1665924479655754328
1665924479675754309
1665924479695754290
1665924479715754271
1665924479735754251
1665924479755754232
1665924479775754213
1665924479795754194
1665924479815754175
1665924479835754156
1665924479855754375
1665924479875754356
1665924479895754337
1665924479915754318
1665924479935754299
1665924479955754280
1665924479975754261
1665924479995754242
1665924480015754223
1665924480035754204
1665924480055754185
1665924480075754166
1665924480095754147
1665924480115754366
1665924480135754347
1665924480155754328
1665924480175754309
1665924480195754290
1665924480215754271
1665924480235754251
1665924480255754232
1665924480275754213
1665924480295754194
1665924480315754175
1665924480335754156
1665924480355754375
1665924480375754356
1665924480395754337
1665924480415754318
1665924480435754299
1665924480455754280
1665924480475754261
1665924480495754242
1665924480515754223
1665924480535754204
1665924480555754185
1665924480575754166
1665924480595754147
1665924480615754366
1665924480635754347
1665924480655754328
1665924480675754309
1665924480695754290
1665924480715754271
1665924480735754251
1665924480755754232
1665924480775754213
1665924480795754194
1665924480815754175
1665924480835754156
1665924480855754375
1665924480875754356
1665924480895754337
1665924480915754318
1665924480935754299
1665924480955754280
1665924480975754261
1665924480995754242
1665924481015754223
1665924481035754204
1665924481055754185
1665924481075754166
1665924481095754147
1665924481115754366
1665924481135754347
1665924481155754328
1665924481175754309
1665924481195754290
1665924481215754271
1665924481235754251
1665924481255754232
1665924481275754213
1665924481295754194
1665924481315754175
1665924481335754156
1665924481355754375
1665924481375754356
1665924481395754337
1665924481415754318
1665924481435754299
1665924481455754280
1665924481475754261
1665924481495754242
1665924481515754223
1665924481535754204
1665924481555754185
1665924481575754166
1665924481595754147
1665924481615754366
1665924481635754347
1665924481655754328
1665924481675754309
1665924481695754290
1665924481715754271
1665924481735754251
1665924481755754232
1665924481775754213
1665924481795754194
1665924481815754175
1665924481835754156
1665924481855754375
1665924481875754356
1665924481895754337
1665924481915754318
1665924481935754299
1665924481955754280
1665924481975754261
1665924481995754242
1665924482015754223
1665924482035754204
1665924482055754185
1665924482075754166
1665924482095754147
1665924482115754366
1665924482135754347
1665924482155754328
1665924482175754309
1665924482195754290
1665924482215754271
1665924482235754251
1665924482255754232
1665924482275754213
1665924482295754194
1665924482315754175
1665924482335754156
1665924482355754375
1665924482375754356
1665924482395754337
1665924482415754318
1665924482435754299
1665924482455754280
1665924482475754261
1665924482495754242
1665924482515754223
1665924482535754204
1665924482555754185
1665924482575754166
1665924482595754147
1665924482615754366
1665924482635754347
1665924482655754328
1665924482675754309
1665924482695754290
1665924482715754271
1665924482735754251
1665924482755754232
1665924482775754213
1665924482795754194
1665924482815754175
1665924482835754156
1665924482855754375
1665924482875754356
1665924482895754337
1665924482915754318
1665924482935754299
1665924482955754280
1665924482975754261
1665924482995754242
1665924483015754223
1665924483035754204
1665924483055754185
1665924483075754166
1665924483095754147
1665924483115754366
1665924483135754347
1665924483155754328
1665924483175754309
1665924483195754290
1665924483215754271
1665924483235754251
1665924483255754232
1665924483275754213
1665924483295754194
1665924483315754175
1665924483335754156
1665924483355754375
1665924483375754356
1665924483395754337
1665924483415754318
1665924483435754299
1665924483455754280
1665924483475754261
1665924483495754242
1665924483515754223
1665924483535754204
1665924483555754185
1665924483575754166
1665924483595754147
1665924483615754366
1665924483635754347
1665924483655754328
1665924483675754309
1665924483695754290
1665924483715754271
1665924483735754251
1665924483755754232
1665924483775754213
1665924483795754194
1665924483815754175
1665924483835754156
1665924483855754375
1665924483875754356
1665924483895754337
1665924483915754318
1665924483935754299
1665924483955754280
1665924483975754261
1665924483995754242
1665924484015754223
1665924484035754204
1665924484055754185
1665924484075754166
1665924484095754147
1665924484115754366
1665924484135754347
1665924484155754328
1665924484175754309
1665924484195754290
1665924484215754271
1665924484235754251
1665924484255754232
1665924484275754213
1665924484295754194
1665924484315754175
1665924484335754156
1665924484355754375
1665924484375754356
1665924484395754337
1665924484415754318
1665924484435754299
1665924484455754280
1665924484475754261
1665924484495754242
1665924484515754223
1665924484535754204
1665924484555754185
1665924484575754166
1665924484595754147
1665924484615754366
1665924484635754347
1665924484655754328
1665924484675754309
1665924484695754290
1665924484715754271
1665924484735754251
1665924484755754232
1665924484775754213
1665924484795754194
1665924484815754175
1665924484835754156
1665924484855754375
1665924484875754356
1665924484895754337
1665924484915754318
1665924484935754299
1665924484955754280
1665924484975754261
1665924484995754242
1665924485015754223
1665924485035754204
1665924485055754185
1665924485075754166
1665924485095754147
1665924485115754366
1665924485135754347
1665924485155754328
1665924485175754309
1665924485195754290
1665924485215754271
1665924485235754251
1665924485255754232
1665924485275754213
1665924485295754194
1665924485315754175
1665924485335754156
1665924485355754375
1665924485375754356
1665924485395754337
1665924485415754318
1665924485435754299
1665924485455754280
1665924485475754261
1665924485495754242
1665924485515754223
1665924485535754204
1665924485555754185
1665924485575754166
1665924485595754147
1665924485615754366
1665924485635754347
1665924485655754328
1665924485675754309
1665924485695754290
1665924485715754271
1665924485735754251
1665924485755754232
1665924485775754213
1665924485795754194
1665924485815754175
1665924485835754156
1665924485855754375
1665924485875754356
1665924485895754337
1665924485915754318
1665924485935754299
1665924485955754280
1665924485975754261
1665924485995754242
1665924486015754223
1665924486035754204
1665924486055754185
1665924486075754166
1665924486095754147
1665924486115754366
1665924486135754347
1665924486155754328
1665924486175754309
1665924486195754290
1665924486215754271
1665924486235754251
1665924486255754232
1665924486275754213
1665924486295754194
1665924486315754175
1665924486335754156
1665924486355754375
1665924486375754356
1665924486395754337
1665924486415754318
1665924486435754299
1665924486455754280
1665924486475754261
1665924486495754242
1665924486515754223
1665924486535754204
1665924486555754185
1665924486575754166
1665924486595754147
1665924486615754366
1665924486635754347
1665924486655754328
1665924486675754309
1665924486695754290
1665924486715754271
1665924486735754251
1665924486755754232
1665924486775754213
1665924486795754194
1665924486815754175
1665924486835754156
1665924486855754375
1665924486875754356
1665924486895754337
1665924486915754318
1665924486935754299
1665924486955754280
1665924486975754261
1665924486995754242
1665924487015754223
1665924487035754204
1665924487055754185
1665924487075754166
1665924487095754147
1665924487115754366
1665924487135754347
1665924487155754328
1665924487175754309
1665924487195754290
1665924487215754271
1665924487235754251
1665924487255754232
1665924487275754213
1665924487295754194
1665924487315754175
1665924487335754156
1665924487355754375
1665924487375754356
1665924487395754337
1665924487415754318
1665924487435754299
1665924487455754280
1665924487475754261
1665924487495754242
1665924487515754223
1665924487535754204
1665924487555754185
1665924487575754166
1665924487595754147
1665924487615754366
1665924487635754347
1665924487655754328
1665924487675754309
1665924487695754290
1665924487715754271
1665924487735754251
1665924487755754232
1665924487775754213
1665924487795754194
1665924487815754175
1665924487835754156
1665924487855754375
1665924487875754356
1665924487895754337
1665924487915754318
1665924487935754299
1665924487955754280
1665924487975754261
1665924487995754242
1665924488015754223
1665924488035754204
1665924488055754185
1665924488075754166
1665924488095754147
1665924488115754366
1665924488135754347
1665924488155754328
1665924488175754309
1665924488195754290
1665924488215754271
1665924488235754251
1665924488255754232
1665924488275754213
1665924488295754194
1665924488315754175
1665924488335754156
1665924488355754375
1665924488375754356
1665924488395754337
1665924488415754318
1665924488435754299
1665924488455754280
1665924488475754261
1665924488495754242
1665924488515754223
1665924488535754204
1665924488555754185
1665924488575754166
1665924488595754147
1665924488615754366
1665924488635754347
1665924488655754328
1665924488675754309
1665924488695754290
1665924488715754271
1665924488735754251
1665924488755754232
1665924488775754213
1665924488795754194
1665924488815754175
1665924488835754156
1665924488855754375
1665924488875754356
1665924488895754337
1665924488915754318
1665924488935754299
1665924488955754280
1665924488975754261
1665924488995754242
1665924489015754223
1665924489035754204
1665924489055754185
1665924489075754166
1665924489095754147
1665924489115754366
1665924489135754347
1665924489155754328
1665924489175754309
1665924489195754290
1665924489215754271
1665924489235754251
1665924489255754232
1665924489275754213
1665924489295754194
1665924489315754175
1665924489335754156
1665924489355754375
1665924489375754356
1665924489395754337
1665924489415754318
1665924489435754299
1665924489455754280
1665924489475754261
1665924489495754242
1665924489515754223
1665924489535754204
1665924489555754185
1665924489575754166
1665924489595754147
1665924489615754366
1665924489635754347
1665924489655754328
1665924489675754309
1665924489695754290
1665924489715754271
1665924489735754251
1665924489755754232
1665924489775754213
1665924489795754194
1665924489815754175
1665924489835754156
1665924489855754375
1665924489875754356
1665924489895754337
1665924489915754318
1665924489935754299
1665924489955754280
1665924489975754261
1665924489995754242
1665924490015754223
1665924490035754204
1665924490055754185
1665924490075754166
1665924490095754147
1665924490115754366
1665924490135754347
1665924490155754328
1665924490175754309
1665924490195754290
1665924490215754271
1665924490235754251
1665924490255754232
1665924490275754213
1665924490295754194
1665924490315754175
1665924490335754156
1665924490355754375
1665924490375754356
1665924490395754337
1665924490415754318
1665924490435754299
1665924490455754280
1665924490475754261
1665924490495754242
1665924490515754223
1665924490535754204
1665924490555754185
1665924490575754166
1665924490595754147
1665924490615754366
1665924490635754347
1665924490655754328
1665924490675754309
1665924490695754290
1665924490715754271
1665924490735754251
1665924490755754232
1665924490775754213
1665924490795754194
1665924490815754175
1665924490835754156
1665924490855754375
1665924490875754356
1665924490895754337
1665924490915754318
1665924490935754299
1665924490955754280
1665924490975754261
1665924490995754242
1665924491015754223
1665924491035754204
1665924491055754185
1665924491075754166
1665924491095754147
1665924491115754366
1665924491135754347
1665924491155754328
1665924491175754309
1665924491195754290
1665924491215754271
1665924491235754251
1665924491255754232
1665924491275754213
1665924491295754194
1665924491315754175
1665924491335754156
1665924491355754375
1665924491375754356
1665924491395754337
1665924491415754318
1665924491435754299
1665924491455754280
1665924491475754261
1665924491495754242
1665924491515754223
1665924491535754204
1665924491555754185
1665924491575754166
1665924491595754147
1665924491615754366
1665924491635754347
1665924491655754328
1665924491675754309
1665924491695754290
1665924491715754271
1665924491735754251
1665924491755754232
1665924491775754213
1665924491795754194
1665924491815754175
1665924491835754156
1665924491855754375
1665924491875754356
1665924491895754337
1665924491915754318
1665924491935754299
1665924491955754280
1665924491975754261
1665924491995754242
1665924492015754223
1665924492035754204
1665924492055754185
1665924492075754166
1665924492095754147
1665924492115754366
1665924492135754347
1665924492155754328
1665924492175754309
1665924492195754290
1665924492215754271
1665924492235754251
1665924492255754232
1665924492275754213
1665924492295754194
1665924492315754175
1665924492335754156
1665924492355754375
1665924492375754356
1665924492395754337
1665924492415754318
1665924492435754299
1665924492455754280
1665924492475754261
1665924492495754242
1665924492515754223
1665924492535754204
1665924492555754185
1665924492575754166
1665924492595754147
1665924492615754366
1665924492635754347
1665924492655754328
1665924492675754309
1665924492695754290
1665924492715754271
1665924492735754251
1665924492755754232
1665924492775754213
1665924492795754194
1665924492815754175
1665924492835754156
1665924492855754375
1665924492875754356
1665924492895754337
1665924492915754318
1665924492935754299
1665924492955754280
1665924492975754261
1665924492995754242
1665924493015754223
1665924493035754204
1665924493055754185
1665924493075754166
1665924493095754147
1665924493115754366
1665924493135754347
1665924493155754328
1665924493175754309
1665924493195754290
1665924493215754271
1665924493235754251
1665924493255754232
1665924493275754213
1665924493295754194
1665924493315754175
1665924493335754156
1665924493355754375
1665924493375754356
1665924493395754337
1665924493415754318
1665924493435754299
1665924493455754280
1665924493475754261
1665924493495754242
1665924493515754223
1665924493535754204
1665924493555754185
1665924493575754166
1665924493595754147
1665924493615754366
1665924493635754347
1665924493655754328
1665924493675754309
1665924493695754290
1665924493715754271
1665924493735754251
1665924493755754232
1665924493775754213
1665924493795754194
1665924493815754175
1665924493835754156
1665924493855754375
1665924493875754356
1665924493895754337
1665924493915754318
1665924493935754299
1665924493955754280
1665924493975754261
1665924493995754242
1665924494015754223
1665924494035754204
1665924494055754185
1665924494075754166
1665924494095754147
1665924494115754366
1665924494135754347
1665924494155754328
1665924494175754309
1665924494195754290
1665924494215754271
1665924494235754251
1665924494255754232
1665924494275754213
1665924494295754194
1665924494315754175
1665924494335754156
1665924494355754375
1665924494375754356
1665924494395754337
1665924494415754318
1665924494435754299
1665924494455754280
1665924494475754261
1665924494495754242
1665924494515754223
1665924494535754204
1665924494555754185
1665924494575754166
1665924494595754147
1665924494615754366
1665924494635754347
1665924494655754328
1665924494675754309
1665924494695754290
1665924494715754271
1665924494735754251
1665924494755754232
1665924494775754213
1665924494795754194
1665924494815754175
1665924494835754156
1665924494855754375
1665924494875754356
1665924494895754337
1665924494915754318
1665924494935754299
1665924494955754280
1665924494975754261
1665924494995754242
1665924495015754223
1665924495035754204
1665924495055754185
1665924495075754166
1665924495095754147
1665924495115754366
1665924495135754347
1665924495155754328
1665924495175754309
1665924495195754290
1665924495215754271
1665924495235754251
1665924495255754232
1665924495275754213
1665924495295754194
1665924495315754175
1665924495335754156
1665924495355754375
1665924495375754356
1665924495395754337
1665924495415754318
1665924495435754299
1665924495455754280
1665924495475754261
1665924495495754242
1665924495515754223
1665924495535754204
1665924495555754185
1665924495575754166
1665924495595754147
1665924495615754366
1665924495635754347
1665924495655754328
1665924495675754309
1665924495695754290
1665924495715754271
1665924495735754251
1665924495755754232
1665924495775754213
1665924495795754194
1665924495815754175
1665924495835754156
1665924495855754375
1665924495875754356
1665924495895754337
1665924495915754318
1665924495935754299
1665924495955754280
1665924495975754261
1665924495995754242
1665924496015754223
1665924496035754204
1665924496055754185
1665924496075754166
1665924496095754147
1665924496115754366
1665924496135754347
1665924496155754328
1665924496175754309
1665924496195754290
1665924496215754271
1665924496235754251
1665924496255754232
1665924496275754213
1665924496295754194
1665924496315754175
1665924496335754156
1665924496355754375
1665924496375754356
1665924496395754337
1665924496415754318
1665924496435754299
1665924496455754280
1665924496475754261
1665924496495754242
1665924496515754223
1665924496535754204
1665924496555754185
1665924496575754166
1665924496595754147
1665924496615754366
1665924496635754347
1665924496655754328
1665924496675754309
1665924496695754290
1665924496715754271
1665924496735754251
1665924496755754232
1665924496775754213
1665924496795754194
1665924496815754175
1665924496835754156
1665924496855754375
1665924496875754356
1665924496895754337
1665924496915754318
1665924496935754299
1665924496955754280
1665924496975754261
1665924496995754242
1665924497015754223
1665924497035754204
1665924497055754185
1665924497075754166
1665924497095754147
1665924497115754366
1665924497135754347
1665924497155754328
1665924497175754309
1665924497195754290
1665924497215754271
1665924497235754251
1665924497255754232
1665924497275754213
1665924497295754194
1665924497315754175
1665924497335754156
1665924497355754375
1665924497375754356
1665924497395754337
1665924497415754318
1665924497435754299
1665924497455754280
1665924497475754261
1665924497495754242
1665924497515754223
1665924497535754204
1665924497555754185
1665924497575754166
1665924497595754147
1665924497615754366
1665924497635754347
1665924497655754328
1665924497675754309
1665924497695754290
1665924497715754271
1665924497735754251
1665924497755754232
1665924497775754213
1665924497795754194
1665924497815754175
1665924497835754156
1665924497855754375
1665924497875754356
1665924497895754337
1665924497915754318
1665924497935754299
1665924497955754280
1665924497975754261
1665924497995754242
1665924498015754223
1665924498035754204
1665924498055754185
1665924498075754166
1665924498095754147
1665924498115754366
1665924498135754347
1665924498155754328
1665924498175754309
1665924498195754290
1665924498215754271
1665924498235754251
1665924498255754232
1665924498275754213
1665924498295754194
1665924498315754175
1665924498335754156
1665924498355754375
1665924498375754356
1665924498395754337
1665924498415754318
1665924498435754299
1665924498455754280
1665924498475754261
1665924498495754242
1665924498515754223
1665924498535754204
1665924498555754185
1665924498575754166
1665924498595754147
1665924498615754366
1665924498635754347
1665924498655754328
1665924498675754309
1665924498695754290
1665924498715754271
1665924498735754251
1665924498755754232
1665924498775754213
1665924498795754194
1665924498815754175
1665924498835754156
1665924498855754375
1665924498875754356
1665924498895754337
1665924498915754318
1665924498935754299
1665924498955754280
1665924498975754261
1665924498995754242
1665924499015754223
1665924499035754204
1665924499055754185
1665924499075754166
1665924499095754147
1665924499115754366
1665924499135754347
1665924499155754328
1665924499175754309
1665924499195754290
1665924499215754271
1665924499235754251
1665924499255754232
1665924499275754213
1665924499295754194
1665924499315754175
1665924499335754156
1665924499355754375
1665924499375754356
1665924499395754337
1665924499415754318
1665924499435754299
1665924499455754280
1665924499475754261
1665924499495754242
1665924499515754223
1665924499535754204
1665924499555754185
1665924499575754166
1665924499595754147
1665924499615754366
1665924499635754347
1665924499655754328
1665924499675754309
1665924499695754290
1665924499715754271
1665924499735754251
1665924499755754232
1665924499775754213
1665924499795754194
1665924499815754175
1665924499835754156
1665924499855754375
1665924499875754356
1665924499895754337
1665924499915754318
1665924499935754299
1665924499955754280
1665924499975754261
1665924499995754242
1665924500015754223
1665924500035754204
1665924500055754185
1665924500075754166
1665924500095754147
1665924500115754366
1665924500135754347
1665924500155754328
1665924500175754309
1665924500195754290
1665924500215754271
1665924500235754251
1665924500255754232
1665924500275754213
1665924500295754194
1665924500315754175
1665924500335754156
1665924500355754375
1665924500375754356
1665924500395754337
1665924500415754318
1665924500435754299
1665924500455754280
1665924500475754261
1665924500495754242
1665924500515754223
1665924500535754204
1665924500555754185
1665924500575754166
1665924500595754147
1665924500615754366
1665924500635754347
1665924500655754328
1665924500675754309
1665924500695754290
1665924500715754271
1665924500735754251
1665924500755754232
1665924500775754213
1665924500795754194
1665924500815754175
1665924500835754156
1665924500855754375
1665924500875754356
1665924500895754337
1665924500915754318
1665924500935754299
1665924500955754280
1665924500975754261
1665924500995754242
1665924501015754223
1665924501035754204
1665924501055754185
1665924501075754166
1665924501095754147
1665924501115754366
1665924501135754347
1665924501155754328
1665924501175754309
1665924501195754290
1665924501215754271
1665924501235754251
1665924501255754232
1665924501275754213
1665924501295754194
1665924501315754175
1665924501335754156
1665924501355754375
1665924501375754356
1665924501395754337
1665924501415754318
1665924501435754299
1665924501455754280
1665924501475754261
1665924501495754242
1665924501515754223
1665924501535754204
1665924501555754185
1665924501575754166
1665924501595754147
1665924501615754366
1665924501635754347
1665924501655754328
1665924501675754309
1665924501695754290
1665924501715754271
1665924501735754251
1665924501755754232
1665924501775754213
1665924501795754194
1665924501815754175
1665924501835754156
1665924501855754375
1665924501875754356
1665924501895754337
1665924501915754318
1665924501935754299
1665924501955754280
1665924501975754261
1665924501995754242
1665924502015754223
1665924502035754204
1665924502055754185
1665924502075754166
1665924502095754147
1665924502115754366
1665924502135754347
1665924502155754328
1665924502175754309
1665924502195754290
1665924502215754271
1665924502235754251
1665924502255754232
1665924502275754213
1665924502295754194
1665924502315754175
1665924502335754156
1665924502355754375
1665924502375754356
1665924502395754337
1665924502415754318
1665924502435754299
1665924502455754280
1665924502475754261
1665924502495754242
1665924502515754223
1665924502535754204
1665924502555754185
1665924502575754166
1665924502595754147
1665924502615754366
1665924502635754347
1665924502655754328
1665924502675754309
1665924502695754290
1665924502715754271
1665924502735754251
1665924502755754232
1665924502775754213
1665924502795754194
1665924502815754175
1665924502835754156
1665924502855754375
1665924502875754356
1665924502895754337
1665924502915754318
1665924502935754299
1665924502955754280
1665924502975754261
1665924502995754242
1665924503015754223
1665924503035754204
1665924503055754185
1665924503075754166
1665924503095754147
1665924503115754366
1665924503135754347
1665924503155754328
1665924503175754309
1665924503195754290
1665924503215754271
1665924503235754251
1665924503255754232
1665924503275754213
1665924503295754194
1665924503315754175
1665924503335754156
1665924503355754375
1665924503375754356
1665924503395754337
1665924503415754318
1665924503435754299
1665924503455754280
1665924503475754261
1665924503495754242
1665924503515754223
1665924503535754204
1665924503555754185
1665924503575754166
1665924503595754147
1665924503615754366
1665924503635754347
1665924503655754328
1665924503675754309
1665924503695754290
1665924503715754271
1665924503735754251
1665924503755754232
1665924503775754213
1665924503795754194
1665924503815754175
1665924503835754156
1665924503855754375
1665924503875754356
1665924503895754337
1665924503915754318
1665924503935754299
1665924503955754280
1665924503975754261
1665924503995754242
1665924504015754223
1665924504035754204
1665924504055754185
1665924504075754166
1665924504095754147
1665924504115754366
1665924504135754347
1665924504155754328
1665924504175754309
1665924504195754290
1665924504215754271
1665924504235754251
1665924504255754232
1665924504275754213
1665924504295754194
1665924504315754175
1665924504335754156
1665924504355754375
1665924504375754356
1665924504395754337
1665924504415754318
1665924504435754299
1665924504455754280
1665924504475754261
1665924504495754242
1665924504515754223
1665924504535754204
1665924504555754185
1665924504575754166
1665924504595754147
1665924504615754366
1665924504635754347
1665924504655754328
1665924504675754309
1665924504695754290
1665924504715754271
1665924504735754251
1665924504755754232
1665924504775754213
1665924504795754194
1665924504815754175
1665924504835754156
1665924504855754375
1665924504875754356
1665924504895754337
1665924504915754318
1665924504935754299
1665924504955754280
1665924504975754261
1665924504995754242
1665924505015754223
1665924505035754204
1665924505055754185
1665924505075754166
1665924505095754147
1665924505115754366
1665924505135754347
1665924505155754328
1665924505175754309
1665924505195754290
1665924505215754271
1665924505235754251
1665924505255754232
1665924505275754213
1665924505295754194
1665924505315754175
1665924505335754156
1665924505355754375
1665924505375754356
1665924505395754337
1665924505415754318
1665924505435754299
1665924505455754280
1665924505475754261
1665924505495754242
1665924505515754223
1665924505535754204
1665924505555754185
1665924505575754166
1665924505595754147
1665924505615754366
1665924505635754347
1665924505655754328
1665924505675754309
1665924505695754290
1665924505715754271
1665924505735754251
1665924505755754232
1665924505775754213
1665924505795754194
1665924505815754175
1665924505835754156
1665924505855754375
1665924505875754356
1665924505895754337
1665924505915754318
1665924505935754299
1665924505955754280
1665924505975754261
1665924505995754242
1665924506015754223
1665924506035754204
1665924506055754185
1665924506075754166
1665924506095754147
1665924506115754366
1665924506135754347
1665924506155754328
1665924506175754309
1665924506195754290
1665924506215754271
1665924506235754251
1665924506255754232
1665924506275754213
1665924506295754194
1665924506315754175
1665924506335754156
1665924506355754375
1665924506375754356
1665924506395754337
1665924506415754318
1665924506435754299
1665924506455754280
1665924506475754261
1665924506495754242
1665924506515754223
1665924506535754204
1665924506555754185
1665924506575754166
1665924506595754147
1665924506615754366
1665924506635754347
1665924506655754328
1665924506675754309
1665924506695754290
1665924506715754271
1665924506735754251
1665924506755754232
1665924506775754213
1665924506795754194
1665924506815754175
1665924506835754156
1665924506855754375
1665924506875754356
1665924506895754337
1665924506915754318
1665924506935754299
1665924506955754280
1665924506975754261
1665924506995754242
1665924507015754223
1665924507035754204
1665924507055754185
1665924507075754166
1665924507095754147
1665924507115754366
1665924507135754347
1665924507155754328
1665924507175754309
1665924507195754290
1665924507215754271
1665924507235754251
1665924507255754232
1665924507275754213
1665924507295754194
1665924507315754175
1665924507335754156
1665924507355754375
1665924507375754356
1665924507395754337
1665924507415754318
1665924507435754299
1665924507455754280
1665924507475754261
1665924507495754242
1665924507515754223
1665924507535754204
1665924507555754185
1665924507575754166
1665924507595754147
1665924507615754366
1665924507635754347
1665924507655754328
1665924507675754309
1665924507695754290
1665924507715754271
1665924507735754251
1665924507755754232
1665924507775754213
1665924507795754194
1665924507815754175
1665924507835754156
1665924507855754375
1665924507875754356
1665924507895754337
1665924507915754318
1665924507935754299
1665924507955754280
1665924507975754261
1665924507995754242
1665924508015754223
1665924508035754204
1665924508055754185
1665924508075754166
1665924508095754147
1665924508115754366
1665924508135754347
1665924508155754328
1665924508175754309
1665924508195754290
1665924508215754271
1665924508235754251
1665924508255754232
1665924508275754213
1665924508295754194
1665924508315754175
1665924508335754156
1665924508355754375
1665924508375754356
1665924508395754337
1665924508415754318
1665924508435754299
1665924508455754280
1665924508475754261
1665924508495754242
1665924508515754223
1665924508535754204
1665924508555754185
1665924508575754166
1665924508595754147
1665924508615754366
1665924508635754347
1665924508655754328
1665924508675754309
1665924508695754290
1665924508715754271
1665924508735754251
1665924508755754232
1665924508775754213
1665924508795754194
1665924508815754175
1665924508835754156
1665924508855754375
1665924508875754356
1665924508895754337
1665924508915754318
1665924508935754299
1665924508955754280
1665924508975754261
1665924508995754242
1665924509015754223
1665924509035754204
1665924509055754185
1665924509075754166
1665924509095754147
1665924509115754366
1665924509135754347
1665924509155754328
1665924509175754309
1665924509195754290
1665924509215754271
1665924509235754251
1665924509255754232
1665924509275754213
1665924509295754194
1665924509315754175
1665924509335754156
1665924509355754375
1665924509375754356
1665924509395754337
1665924509415754318
1665924509435754299
1665924509455754280
1665924509475754261
1665924509495754242
1665924509515754223
1665924509535754204
1665924509555754185
1665924509575754166
1665924509595754147
1665924509615754366
1665924509635754347
1665924509655754328
1665924509675754309
1665924509695754290
1665924509715754271
1665924509735754251
1665924509755754232
1665924509775754213
1665924509795754194
1665924509815754175
1665924509835754156
1665924509855754375
1665924509875754356
1665924509895754337
1665924509915754318
1665924509935754299
1665924509955754280
1665924509975754261
1665924509995754242
1665924510015754223
1665924510035754204
1665924510055754185
1665924510075754166
1665924510095754147
1665924510115754366
1665924510135754347
1665924510155754328
1665924510175754309
1665924510195754290
1665924510215754271
1665924510235754251
1665924510255754232
1665924510275754213
1665924510295754194
1665924510315754175
1665924510335754156
1665924510355754375
1665924510375754356
1665924510395754337
1665924510415754318
1665924510435754299
1665924510455754280
1665924510475754261
1665924510495754242
1665924510515754223
1665924510535754204
1665924510555754185
1665924510575754166
1665924510595754147
1665924510615754366
1665924510635754347
1665924510655754328
1665924510675754309
1665924510695754290
1665924510715754271
1665924510735754251
1665924510755754232
1665924510775754213
1665924510795754194
1665924510815754175
1665924510835754156
1665924510855754375
1665924510875754356
1665924510895754337
1665924510915754318
1665924510935754299
1665924510955754280
1665924510975754261
1665924510995754242
1665924511015754223
1665924511035754204
1665924511055754185
1665924511075754166
1665924511095754147
1665924511115754366
1665924511135754347
1665924511155754328
1665924511175754309
1665924511195754290
1665924511215754271
1665924511235754251
1665924511255754232
1665924511275754213
1665924511295754194
1665924511315754175
1665924511335754156
1665924511355754375
1665924511375754356
1665924511395754337
1665924511415754318
1665924511435754299
1665924511455754280
1665924511475754261
1665924511495754242
1665924511515754223
1665924511535754204
1665924511555754185
1665924511575754166
1665924511595754147
1665924511615754366
1665924511635754347
1665924511655754328
1665924511675754309
1665924511695754290
1665924511715754271
1665924511735754251
1665924511755754232
1665924511775754213
1665924511795754194
1665924511815754175
1665924511835754156
1665924511855754375
1665924511875754356
1665924511895754337
1665924511915754318
1665924511935754299
1665924511955754280
1665924511975754261
1665924511995754242
1665924512015754223
1665924512035754204
1665924512055754185
1665924512075754166
1665924512095754147
1665924512115754366
1665924512135754347
1665924512155754328
1665924512175754309
1665924512195754290
1665924512215754271
1665924512235754251
1665924512255754232
1665924512275754213
1665924512295754194
1665924512315754175
1665924512335754156
1665924512355754375
1665924512375754356
1665924512395754337
1665924512415754318
1665924512435754299
1665924512455754280
1665924512475754261
1665924512495754242
1665924512515754223
1665924512535754204
1665924512555754185
1665924512575754166
1665924512595754147
1665924512615754366
1665924512635754347
1665924512655754328
1665924512675754309
1665924512695754290
1665924512715754271
1665924512735754251
1665924512755754232
1665924512775754213
1665924512795754194
1665924512815754175
1665924512835754156
1665924512855754375
1665924512875754356
1665924512895754337
1665924512915754318
1665924512935754299
1665924512955754280
1665924512975754261
1665924512995754242
1665924513015754223
1665924513035754204
1665924513055754185
1665924513075754166
1665924513095754147
1665924513115754366
1665924513135754347
1665924513155754328
1665924513175754309
1665924513195754290
1665924513215754271
1665924513235754251
1665924513255754232
1665924513275754213
1665924513295754194
1665924513315754175
1665924513335754156
1665924513355754375
1665924513375754356
1665924513395754337
1665924513415754318
1665924513435754299
1665924513455754280
1665924513475754261
1665924513495754242
1665924513515754223
1665924513535754204
1665924513555754185
1665924513575754166
1665924513595754147
1665924513615754366
1665924513635754347
1665924513655754328
1665924513675754309
1665924513695754290
1665924513715754271
1665924513735754251
1665924513755754232
1665924513775754213
1665924513795754194
1665924513815754175
1665924513835754156
1665924513855754375
1665924513875754356
1665924513895754337
1665924513915754318
1665924513935754299
1665924513955754280
1665924513975754261
1665924513995754242
1665924514015754223
1665924514035754204
1665924514055754185
1665924514075754166
1665924514095754147
1665924514115754366
1665924514135754347
1665924514155754328
1665924514175754309
1665924514195754290
1665924514215754271
1665924514235754251
1665924514255754232
1665924514275754213
1665924514295754194
1665924514315754175
1665924514335754156
1665924514355754375
1665924514375754356
1665924514395754337
1665924514415754318
1665924514435754299
1665924514455754280
1665924514475754261
1665924514495754242
1665924514515754223
1665924514535754204
1665924514555754185
1665924514575754166
1665924514595754147
1665924514615754366
1665924514635754347
1665924514655754328
1665924514675754309
1665924514695754290
1665924514715754271
1665924514735754251
1665924514755754232
1665924514775754213
1665924514795754194
1665924514815754175
1665924514835754156
1665924514855754375
1665924514875754356
1665924514895754337
1665924514915754318
1665924514935754299
1665924514955754280
1665924514975754261
1665924514995754242
1665924515015754223
1665924515035754204
1665924515055754185
1665924515075754166
1665924515095754147
1665924515115754366
1665924515135754347
1665924515155754328
1665924515175754309
1665924515195754290
1665924515215754271
1665924515235754251
1665924515255754232
1665924515275754213
1665924515295754194
1665924515315754175
1665924515335754156
1665924515355754375
1665924515375754356
1665924515395754337
1665924515415754318
1665924515435754299
1665924515455754280
1665924515475754261
1665924515495754242
1665924515515754223
1665924515535754204
1665924515555754185
1665924515575754166
1665924515595754147
1665924515615754366
1665924515635754347
1665924515655754328
1665924515675754309
1665924515695754290
1665924515715754271
1665924515735754251
1665924515755754232
1665924515775754213
1665924515795754194
1665924515815754175
1665924515835754156
1665924515855754375
1665924515875754356
1665924515895754337
1665924515915754318
1665924515935754299
1665924515955754280
1665924515975754261
1665924515995754242
1665924516015754223
1665924516035754204
1665924516055754185
1665924516075754166
1665924516095754147
1665924516115754366
1665924516135754347
1665924516155754328
1665924516175754309
1665924516195754290
1665924516215754271
1665924516235754251
1665924516255754232
1665924516275754213
1665924516295754194
1665924516315754175
1665924516335754156
1665924516355754375
1665924516375754356
1665924516395754337
1665924516415754318
1665924516435754299
1665924516455754280
1665924516475754261
1665924516495754242
1665924516515754223
1665924516535754204
1665924516555754185
1665924516575754166
1665924516595754147
1665924516615754366
1665924516635754347
1665924516655754328
1665924516675754309
1665924516695754290
1665924516715754271
1665924516735754251
1665924516755754232
1665924516775754213
1665924516795754194
1665924516815754175
1665924516835754156
1665924516855754375
1665924516875754356
1665924516895754337
1665924516915754318
1665924516935754299
1665924516955754280
1665924516975754261
1665924516995754242
1665924517015754223
1665924517035754204
1665924517055754185
1665924517075754166
1665924517095754147
1665924517115754366
1665924517135754347
1665924517155754328
1665924517175754309
1665924517195754290
1665924517215754271
1665924517235754251
1665924517255754232
1665924517275754213
1665924517295754194
1665924517315754175
1665924517335754156
1665924517355754375
1665924517375754356
1665924517395754337
1665924517415754318
1665924517435754299
1665924517455754280
1665924517475754261
1665924517495754242
1665924517515754223
1665924517535754204
1665924517555754185
1665924517575754166
1665924517595754147
1665924517615754366
1665924517635754347
1665924517655754328
1665924517675754309
1665924517695754290
1665924517715754271
1665924517735754251
1665924517755754232
1665924517775754213
1665924517795754194
1665924517815754175
1665924517835754156
1665924517855754375
1665924517875754356
1665924517895754337
1665924517915754318
1665924517935754299
1665924517955754280
1665924517975754261
1665924517995754242
1665924518015754223
1665924518035754204
1665924518055754185
1665924518075754166
1665924518095754147
1665924518115754366
1665924518135754347
1665924518155754328
1665924518175754309
1665924518195754290
1665924518215754271
1665924518235754251
1665924518255754232
1665924518275754213
1665924518295754194
1665924518315754175
1665924518335754156
1665924518355754375
1665924518375754356
1665924518395754337
1665924518415754318
1665924518435754299
1665924518455754280
1665924518475754261
1665924518495754242
1665924518515754223
1665924518535754204
1665924518555754185
1665924518575754166
1665924518595754147
1665924518615754366
1665924518635754347
1665924518655754328
1665924518675754309
1665924518695754290
1665924518715754271
1665924518735754251
1665924518755754232
1665924518775754213
1665924518795754194
1665924518815754175
1665924518835754156
1665924518855754375
1665924518875754356
1665924518895754337
1665924518915754318
1665924518935754299
1665924518955754280
1665924518975754261
1665924518995754242
1665924519015754223
1665924519035754204
1665924519055754185
1665924519075754166
1665924519095754147
1665924519115754366
1665924519135754347
1665924519155754328
1665924519175754309
1665924519195754290
1665924519215754271
1665924519235754251
1665924519255754232
1665924519275754213
1665924519295754194
1665924519315754175
1665924519335754156
1665924519355754375
1665924519375754356
1665924519395754337
1665924519415754318
1665924519435754299
1665924519455754280
1665924519475754261
1665924519495754242
1665924519515754223
1665924519535754204
1665924519555754185
1665924519575754166
1665924519595754147
1665924519615754366
1665924519635754347
1665924519655754328
1665924519675754309
1665924519695754290
1665924519715754271
1665924519735754251
1665924519755754232
1665924519775754213
1665924519795754194
1665924519815754175
1665924519835754156
1665924519855754375
1665924519875754356
1665924519895754337
1665924519915754318
1665924519935754299
1665924519955754280
1665924519975754261
1665924519995754242
1665924520015754223
1665924520035754204
1665924520055754185
1665924520075754166
1665924520095754147
1665924520115754366
1665924520135754347
1665924520155754328
1665924520175754309
1665924520195754290
1665924520215754271
1665924520235754251
1665924520255754232
1665924520275754213
1665924520295754194
1665924520315754175
1665924520335754156
1665924520355754375
1665924520375754356
1665924520395754337
1665924520415754318
1665924520435754299
1665924520455754280
1665924520475754261
1665924520495754242
1665924520515754223
1665924520535754204
1665924520555754185
1665924520575754166
1665924520595754147
1665924520615754366
1665924520635754347
1665924520655754328
1665924520675754309
1665924520695754290
